  -1.0000000e+01  -1.5000000e+01   2.0000000e+03  -3.0848597e+00  -2.3224414e+00   1.3997442e+01
  -1.0000000e+01  -1.4000000e+01   2.0000000e+03  -5.5721988e+00  -2.8733789e+00   1.6752314e+01
  -1.0000000e+01  -1.3000000e+01   2.0000000e+03  -4.4479951e+00  -2.9516233e+00   1.6112865e+01
  -1.0000000e+01  -1.2000000e+01   2.0000000e+03  -5.5762901e+00  -7.8932509e+00   2.0081723e+01
  -1.0000000e+01  -1.1000000e+01   2.0000000e+03  -6.9914256e+00  -3.0162595e+00   1.7999917e+01
  -1.0000000e+01  -1.0000000e+01   2.0000000e+03  -6.9847027e+00  -5.0916530e+00   2.1452178e+01
  -1.0000000e+01  -9.0000000e+00   2.0000000e+03  -2.2469916e+00  -3.3848132e+00   1.8203824e+01
  -1.0000000e+01  -8.0000000e+00   2.0000000e+03  -3.1474222e+00  -5.5860177e+00   1.5383559e+01
  -1.0000000e+01  -7.0000000e+00   2.0000000e+03  -1.8631669e+00  -6.1674433e+00   1.7737212e+01
  -1.0000000e+01  -6.0000000e+00   2.0000000e+03  -4.6902093e+00  -7.4602593e+00   1.7083320e+01
  -1.0000000e+01  -5.0000000e+00   2.0000000e+03  -1.6184612e+00  -4.1992135e+00   1.6404311e+01
  -1.0000000e+01  -4.0000000e+00   2.0000000e+03  -2.9459502e+00  -6.2712130e+00   1.6867529e+01
  -1.0000000e+01  -3.0000000e+00   2.0000000e+03  -4.1844387e+00  -4.0608603e+00   1.5497530e+01
  -1.0000000e+01  -2.0000000e+00   2.0000000e+03  -3.7360715e+00  -1.3922795e+00   1.6443086e+01
  -1.0000000e+01  -1.0000000e+00   2.0000000e+03  -8.2294204e-02  -6.2708862e-01   1.5509350e+01
  -1.0000000e+01   0.0000000e+00   2.0000000e+03  -1.9707938e+00  -6.6055097e+00   1.4989638e+01
  -1.0000000e+01   1.0000000e+00   2.0000000e+03  -3.3559825e+00  -4.0225417e+00   1.6625028e+01
  -1.0000000e+01   2.0000000e+00   2.0000000e+03  -2.9728330e+00  -6.4063938e+00   1.5693596e+01
  -1.0000000e+01   3.0000000e+00   2.0000000e+03  -9.1768399e-01  -1.2569094e+01   1.6351959e+01
  -1.0000000e+01   4.0000000e+00   2.0000000e+03  -3.9891808e-01  -5.8989091e+00   1.1170865e+01
  -1.0000000e+01   5.0000000e+00   2.0000000e+03   5.1900280e+00  -1.4186296e+00   6.3567168e+00
  -1.0000000e+01   6.0000000e+00   2.0000000e+03   1.0599648e+01  -3.2542448e+00   2.7799035e+00
  -1.0000000e+01   7.0000000e+00   2.0000000e+03   5.9776988e+00  -9.6310131e-01  -1.0742178e+00
  -1.0000000e+01   8.0000000e+00   2.0000000e+03   8.5471844e+00  -7.5832553e+00  -7.6774032e-01
  -1.0000000e+01   9.0000000e+00   2.0000000e+03   1.9663579e+01  -8.4153780e+00  -6.7916137e+00
  -1.0000000e+01   1.0000000e+01   2.0000000e+03   1.2227517e+01  -5.2344538e+00  -6.8727613e+00
  -1.0000000e+01   1.1000000e+01   2.0000000e+03  -4.7900769e+00   8.0938925e-01  -2.2756375e+00
  -1.0000000e+01   1.2000000e+01   2.0000000e+03  -1.0530376e+01  -4.3182153e+00   2.8976073e+00
  -1.0000000e+01   1.3000000e+01   2.0000000e+03  -1.0236213e+01   1.5393397e+01  -1.8575399e+00
  -1.0000000e+01   1.4000000e+01   2.0000000e+03  -2.3630078e+01   1.2712025e+01   4.3112725e+00
  -1.0000000e+01   1.5000000e+01   2.0000000e+03   4.9621650e+00   1.0125671e+01  -5.7207762e+00
  -9.0000000e+00  -1.5000000e+01   2.0000000e+03  -4.1533316e+00  -1.0118448e+00   1.6409581e+01
  -9.0000000e+00  -1.4000000e+01   2.0000000e+03  -4.4953488e+00  -4.3207807e+00   1.6501323e+01
  -9.0000000e+00  -1.3000000e+01   2.0000000e+03  -6.6393199e+00  -2.6265719e+00   1.7544076e+01
  -9.0000000e+00  -1.2000000e+01   2.0000000e+03  -5.6609990e+00  -4.8250446e+00   1.9059679e+01
  -9.0000000e+00  -1.1000000e+01   2.0000000e+03  -5.6482266e+00  -3.7689015e+00   2.5201232e+01
  -9.0000000e+00  -1.0000000e+01   2.0000000e+03  -5.0488135e+00   1.5831044e+00   1.7936611e+01
  -9.0000000e+00  -9.0000000e+00   2.0000000e+03  -4.7237044e+00  -4.1927205e+00   1.6593659e+01
  -9.0000000e+00  -8.0000000e+00   2.0000000e+03  -4.3571980e+00  -4.4432840e+00   1.6217620e+01
  -9.0000000e+00  -7.0000000e+00   2.0000000e+03  -3.1212669e+00  -6.6553883e+00   1.7090492e+01
  -9.0000000e+00  -6.0000000e+00   2.0000000e+03  -5.5410491e+00  -7.9507079e+00   2.0820064e+01
  -9.0000000e+00  -5.0000000e+00   2.0000000e+03  -3.2791245e+00  -3.8680834e+00   1.6389085e+01
  -9.0000000e+00  -4.0000000e+00   2.0000000e+03  -5.3688328e+00  -6.7602305e+00   1.8118093e+01
  -9.0000000e+00  -3.0000000e+00   2.0000000e+03  -4.3564415e+00  -3.7197991e+00   2.0773791e+01
  -9.0000000e+00  -2.0000000e+00   2.0000000e+03  -2.3113210e+00  -2.1116766e-01   1.5207715e+01
  -9.0000000e+00  -1.0000000e+00   2.0000000e+03  -1.2490230e+00  -1.7997405e+00   1.3647888e+01
  -9.0000000e+00   0.0000000e+00   2.0000000e+03  -5.0515492e+00  -8.7522229e+00   1.4981572e+01
  -9.0000000e+00   1.0000000e+00   2.0000000e+03   1.5878631e-01  -1.1374948e+01   1.9445860e+01
  -9.0000000e+00   2.0000000e+00   2.0000000e+03  -4.9783087e+00  -9.9780321e+00   1.6867978e+01
  -9.0000000e+00   3.0000000e+00   2.0000000e+03  -3.0862254e+00  -1.2484286e+01   1.6979598e+01
  -9.0000000e+00   4.0000000e+00   2.0000000e+03  -3.5332660e-01  -8.4714038e+00   1.3926456e+01
  -9.0000000e+00   5.0000000e+00   2.0000000e+03   6.1693394e+00  -2.6592500e+00   9.8797047e+00
  -9.0000000e+00   6.0000000e+00   2.0000000e+03   1.0028338e+01  -6.5435003e+00   8.1240809e+00
  -9.0000000e+00   7.0000000e+00   2.0000000e+03   7.3183858e+00  -1.0889372e+01   8.3672653e+00
  -9.0000000e+00   8.0000000e+00   2.0000000e+03   1.2928227e+01  -7.6045054e+00   5.1683563e+00
  -9.0000000e+00   9.0000000e+00   2.0000000e+03   1.2995325e+01  -9.2552594e+00   2.7579941e+00
  -9.0000000e+00   1.0000000e+01   2.0000000e+03   1.1647650e+01  -4.8240587e+00   2.9744176e+00
  -9.0000000e+00   1.1000000e+01   2.0000000e+03  -6.3539082e-01  -9.8445211e-01  -1.1013519e+00
  -9.0000000e+00   1.2000000e+01   2.0000000e+03  -3.4505678e+00   3.0613511e+00  -1.6322640e-01
  -9.0000000e+00   1.3000000e+01   2.0000000e+03  -1.3801459e+01   1.2449812e+01  -5.7427161e+00
  -9.0000000e+00   1.4000000e+01   2.0000000e+03   6.5588448e+00   1.4752671e-02  -4.3389367e+00
  -9.0000000e+00   1.5000000e+01   2.0000000e+03   5.5813080e+00   4.1084873e+00   2.1666677e+00
  -8.0000000e+00  -1.5000000e+01   2.0000000e+03  -5.6177939e+00  -9.5645829e-01   1.4920940e+01
  -8.0000000e+00  -1.4000000e+01   2.0000000e+03  -7.1546768e+00  -4.2299736e+00   1.6627519e+01
  -8.0000000e+00  -1.3000000e+01   2.0000000e+03  -6.7315207e+00  -3.7805791e+00   2.1280249e+01
  -8.0000000e+00  -1.2000000e+01   2.0000000e+03  -6.8054912e+00  -6.8107934e+00   1.9949317e+01
  -8.0000000e+00  -1.1000000e+01   2.0000000e+03  -6.4597551e+00  -4.1760946e+00   1.9689951e+01
  -8.0000000e+00  -1.0000000e+01   2.0000000e+03  -8.5783155e+00   1.6933008e+00   1.8739690e+01
  -8.0000000e+00  -9.0000000e+00   2.0000000e+03  -6.7680246e+00  -2.1695804e+00   1.6743992e+01
  -8.0000000e+00  -8.0000000e+00   2.0000000e+03  -5.8462900e+00  -5.0469685e+00   1.7675945e+01
  -8.0000000e+00  -7.0000000e+00   2.0000000e+03  -4.5498154e+00  -8.9174308e+00   1.8196547e+01
  -8.0000000e+00  -6.0000000e+00   2.0000000e+03  -3.2684720e+00  -8.9717674e+00   2.0148542e+01
  -8.0000000e+00  -5.0000000e+00   2.0000000e+03  -5.3871191e+00  -8.0507381e+00   2.0855301e+01
  -8.0000000e+00  -4.0000000e+00   2.0000000e+03  -3.3571404e+00  -6.4054116e+00   1.8378406e+01
  -8.0000000e+00  -3.0000000e+00   2.0000000e+03  -4.8288294e+00  -4.2832849e+00   2.1545088e+01
  -8.0000000e+00  -2.0000000e+00   2.0000000e+03  -2.6735385e+00   5.3515329e-01   1.6323245e+01
  -8.0000000e+00  -1.0000000e+00   2.0000000e+03  -8.2824282e+00  -7.2917834e+00   1.5891279e+01
  -8.0000000e+00   0.0000000e+00   2.0000000e+03  -7.4167525e+00  -1.1132804e+01   1.6639605e+01
  -8.0000000e+00   1.0000000e+00   2.0000000e+03  -7.7058261e-01  -1.1157714e+01   1.5765862e+01
  -8.0000000e+00   2.0000000e+00   2.0000000e+03  -3.2837111e+00  -1.2569258e+01   1.7438920e+01
  -8.0000000e+00   3.0000000e+00   2.0000000e+03  -7.4173407e-01  -1.2605483e+01   1.5674347e+01
  -8.0000000e+00   4.0000000e+00   2.0000000e+03   4.0956095e+00  -5.1944576e+00   1.2100145e+01
  -8.0000000e+00   5.0000000e+00   2.0000000e+03   5.2808324e+00  -1.9526886e+00   8.8307788e+00
  -8.0000000e+00   6.0000000e+00   2.0000000e+03   6.0257059e+00  -9.9869959e+00   7.0737278e+00
  -8.0000000e+00   7.0000000e+00   2.0000000e+03   8.7539835e+00  -8.2044045e+00   4.8064374e+00
  -8.0000000e+00   8.0000000e+00   2.0000000e+03   9.4633651e+00  -5.1567480e+00   2.1656190e+00
  -8.0000000e+00   9.0000000e+00   2.0000000e+03   1.2804105e+01  -9.7069483e+00   2.0292068e+00
  -8.0000000e+00   1.0000000e+01   2.0000000e+03   1.0551035e+01  -1.0706386e+01   3.7409031e+00
  -8.0000000e+00   1.1000000e+01   2.0000000e+03  -8.6243633e+00  -3.9846561e+00   7.9288577e+00
  -8.0000000e+00   1.2000000e+01   2.0000000e+03   1.2227853e+00  -6.9842078e+00  -1.5463960e+00
  -8.0000000e+00   1.3000000e+01   2.0000000e+03  -1.4037143e+01   1.4774138e+01  -1.1657439e+01
  -8.0000000e+00   1.4000000e+01   2.0000000e+03   3.3872234e+00   4.4300578e+00  -3.8012772e+00
  -8.0000000e+00   1.5000000e+01   2.0000000e+03   7.7310312e+00   2.9141560e+00  -4.7311492e+00
  -7.0000000e+00  -1.5000000e+01   2.0000000e+03  -9.0002069e+00  -7.3220087e-01   2.2711197e+01
  -7.0000000e+00  -1.4000000e+01   2.0000000e+03  -1.2463003e+01   2.1103156e+00   2.1069621e+01
  -7.0000000e+00  -1.3000000e+01   2.0000000e+03  -1.3713676e+01   1.0489631e+00   1.9858867e+01
  -7.0000000e+00  -1.2000000e+01   2.0000000e+03  -8.7046087e+00  -6.5182989e+00   2.2662904e+01
  -7.0000000e+00  -1.1000000e+01   2.0000000e+03  -6.7953522e+00  -5.7777524e+00   2.1974250e+01
  -7.0000000e+00  -1.0000000e+01   2.0000000e+03  -7.5688141e+00  -1.7167792e+00   2.6074869e+01
  -7.0000000e+00  -9.0000000e+00   2.0000000e+03  -8.8094369e+00  -2.6040588e+00   1.8911528e+01
  -7.0000000e+00  -8.0000000e+00   2.0000000e+03  -8.2119615e+00  -6.9918690e+00   1.9247277e+01
  -7.0000000e+00  -7.0000000e+00   2.0000000e+03  -6.9625151e+00  -7.7227314e+00   2.0789775e+01
  -7.0000000e+00  -6.0000000e+00   2.0000000e+03  -4.5007453e-01  -6.4206966e+00   2.2554765e+01
  -7.0000000e+00  -5.0000000e+00   2.0000000e+03  -2.2525927e+00  -9.4151958e+00   1.9713868e+01
  -7.0000000e+00  -4.0000000e+00   2.0000000e+03  -4.0268696e+00  -7.9795621e+00   1.8676945e+01
  -7.0000000e+00  -3.0000000e+00   2.0000000e+03  -1.0472584e+00  -7.5997405e+00   2.0923138e+01
  -7.0000000e+00  -2.0000000e+00   2.0000000e+03  -3.7286863e+00  -1.7356965e+00   1.8817145e+01
  -7.0000000e+00  -1.0000000e+00   2.0000000e+03  -1.0389274e+01  -1.1156940e+01   1.7610244e+01
  -7.0000000e+00   0.0000000e+00   2.0000000e+03  -1.9876197e+00  -1.0944857e+01   1.6683397e+01
  -7.0000000e+00   1.0000000e+00   2.0000000e+03  -2.2023682e+00  -1.3966490e+01   1.9340139e+01
  -7.0000000e+00   2.0000000e+00   2.0000000e+03   2.6668082e+00  -1.2862068e+01   2.0075441e+01
  -7.0000000e+00   3.0000000e+00   2.0000000e+03   3.2810942e+00  -8.3703248e+00   1.3834911e+01
  -7.0000000e+00   4.0000000e+00   2.0000000e+03   3.1234137e+00  -7.0266961e+00   1.0788790e+01
  -7.0000000e+00   5.0000000e+00   2.0000000e+03   5.3742420e+00  -5.0699316e+00   8.5256804e+00
  -7.0000000e+00   6.0000000e+00   2.0000000e+03   5.9792603e+00  -7.3985569e+00   5.2352258e+00
  -7.0000000e+00   7.0000000e+00   2.0000000e+03   1.0655023e+01  -9.6037633e+00   3.7759729e+00
  -7.0000000e+00   8.0000000e+00   2.0000000e+03   1.1812518e+01  -8.8999295e+00   3.0538953e+00
  -7.0000000e+00   9.0000000e+00   2.0000000e+03   8.8236409e-01  -1.7327149e+01   7.7049893e+00
  -7.0000000e+00   1.0000000e+01   2.0000000e+03  -2.7462858e+00  -1.7749612e+01   7.6855468e+00
  -7.0000000e+00   1.1000000e+01   2.0000000e+03  -1.3538658e+01  -1.5826027e+01   9.6460115e+00
  -7.0000000e+00   1.2000000e+01   2.0000000e+03   5.5843416e+00  -1.4953455e+00  -4.2302334e+00
  -7.0000000e+00   1.3000000e+01   2.0000000e+03  -7.1996503e+00   1.0253102e+01  -1.1202577e+01
  -7.0000000e+00   1.4000000e+01   2.0000000e+03  -6.8813098e+00  -2.2275157e+00  -3.2398161e+00
  -7.0000000e+00   1.5000000e+01   2.0000000e+03  -1.7446575e-02  -3.4033067e+00  -6.0134301e+00
  -6.0000000e+00  -1.5000000e+01   2.0000000e+03  -1.6958963e+00  -1.4787585e+00   1.7249234e+01
  -6.0000000e+00  -1.4000000e+01   2.0000000e+03  -2.3518129e+00  -2.1136524e+00   1.7472380e+01
  -6.0000000e+00  -1.3000000e+01   2.0000000e+03  -3.9343980e+00  -3.9667894e+00   2.0270053e+01
  -6.0000000e+00  -1.2000000e+01   2.0000000e+03  -6.0389525e+00  -7.1194425e+00   2.2365587e+01
  -6.0000000e+00  -1.1000000e+01   2.0000000e+03  -4.2674809e+00  -1.9815183e+00   1.8912616e+01
  -6.0000000e+00  -1.0000000e+01   2.0000000e+03  -6.2897689e+00  -7.7418739e-01   1.9431742e+01
  -6.0000000e+00  -9.0000000e+00   2.0000000e+03  -5.4106407e+00  -5.1097489e+00   2.1289170e+01
  -6.0000000e+00  -8.0000000e+00   2.0000000e+03  -9.7216440e+00  -8.2955305e+00   2.4396620e+01
  -6.0000000e+00  -7.0000000e+00   2.0000000e+03  -3.3419403e+00  -5.0108791e+00   2.0005165e+01
  -6.0000000e+00  -6.0000000e+00   2.0000000e+03  -3.4833338e+00  -6.6230121e+00   1.8947756e+01
  -6.0000000e+00  -5.0000000e+00   2.0000000e+03  -3.0977600e+00  -1.0390473e+01   1.9051918e+01
  -6.0000000e+00  -4.0000000e+00   2.0000000e+03  -7.3875189e+00  -1.1219504e+01   2.0461268e+01
  -6.0000000e+00  -3.0000000e+00   2.0000000e+03  -9.2650782e-01  -7.3940578e+00   1.9197312e+01
  -6.0000000e+00  -2.0000000e+00   2.0000000e+03  -2.2154976e-01  -7.1745662e+00   2.4684379e+01
  -6.0000000e+00  -1.0000000e+00   2.0000000e+03  -5.3550371e+00  -1.0018442e+01   2.0210256e+01
  -6.0000000e+00   0.0000000e+00   2.0000000e+03  -9.8456882e-01  -9.8474430e+00   2.2925524e+01
  -6.0000000e+00   1.0000000e+00   2.0000000e+03   3.7818293e+00  -1.0566951e+01   1.8202879e+01
  -6.0000000e+00   2.0000000e+00   2.0000000e+03   5.3359135e+00  -1.1378892e+01   1.5104794e+01
  -6.0000000e+00   3.0000000e+00   2.0000000e+03   2.8016548e+00  -6.7948700e+00   1.6569750e+01
  -6.0000000e+00   4.0000000e+00   2.0000000e+03   3.2899441e+00  -6.6844221e+00   1.1183133e+01
  -6.0000000e+00   5.0000000e+00   2.0000000e+03   6.1749307e+00  -2.6831356e+00   9.0552750e+00
  -6.0000000e+00   6.0000000e+00   2.0000000e+03   5.7152411e+00  -6.3686127e+00   5.6516074e+00
  -6.0000000e+00   7.0000000e+00   2.0000000e+03   1.0200291e+01  -9.3630161e+00   4.0463903e+00
  -6.0000000e+00   8.0000000e+00   2.0000000e+03  -7.7812381e-01  -1.6778031e+01   8.1723768e+00
  -6.0000000e+00   9.0000000e+00   2.0000000e+03  -1.0342582e+00  -8.6733755e+00   8.0252882e+00
  -6.0000000e+00   1.0000000e+01   2.0000000e+03  -1.6461002e+01  -2.2139376e+01   1.1346622e+01
  -6.0000000e+00   1.1000000e+01   2.0000000e+03  -8.8205555e+00  -1.8524592e+01   6.0878999e+00
  -6.0000000e+00   1.2000000e+01   2.0000000e+03  -1.3909993e+01   1.9007645e+00   3.0501441e+00
  -6.0000000e+00   1.3000000e+01   2.0000000e+03  -9.7883682e+00   2.2786683e+01  -6.6165281e+00
  -6.0000000e+00   1.4000000e+01   2.0000000e+03   5.0191630e-01  -6.4450102e+00  -1.5323232e+00
  -6.0000000e+00   1.5000000e+01   2.0000000e+03  -7.1622745e+00  -8.8561309e+00  -4.2977710e-01
  -5.0000000e+00  -1.5000000e+01   2.0000000e+03  -3.5170422e+00  -4.0641469e-01   1.8818574e+01
  -5.0000000e+00  -1.4000000e+01   2.0000000e+03  -3.3329485e+00  -2.9826500e+00   2.0310269e+01
  -5.0000000e+00  -1.3000000e+01   2.0000000e+03  -9.0034259e+00   2.0070366e+00   2.6867304e+01
  -5.0000000e+00  -1.2000000e+01   2.0000000e+03  -1.4394364e+01   4.0311958e+00   2.0049655e+01
  -5.0000000e+00  -1.1000000e+01   2.0000000e+03  -1.3526125e+01   1.3795013e+01   3.0162161e+01
  -5.0000000e+00  -1.0000000e+01   2.0000000e+03  -1.4383946e+01   2.1027134e+00   2.1238569e+01
  -5.0000000e+00  -9.0000000e+00   2.0000000e+03  -1.1068534e+01   3.3321584e+00   2.4756099e+01
  -5.0000000e+00  -8.0000000e+00   2.0000000e+03  -1.2068233e+01   3.8616048e+00   2.1654196e+01
  -5.0000000e+00  -7.0000000e+00   2.0000000e+03  -7.6334157e+00  -4.6102294e+00   2.3606088e+01
  -5.0000000e+00  -6.0000000e+00   2.0000000e+03  -6.2700667e+00  -7.4083435e+00   2.0248747e+01
  -5.0000000e+00  -5.0000000e+00   2.0000000e+03  -5.5429977e+00  -1.1457349e+01   2.0419196e+01
  -5.0000000e+00  -4.0000000e+00   2.0000000e+03  -5.1209807e+00  -1.4600118e+01   2.0556334e+01
  -5.0000000e+00  -3.0000000e+00   2.0000000e+03  -1.0353077e+00  -6.8829702e+00   1.9272643e+01
  -5.0000000e+00  -2.0000000e+00   2.0000000e+03  -7.5688133e-01  -1.2896287e+01   2.1150069e+01
  -5.0000000e+00  -1.0000000e+00   2.0000000e+03   7.6769814e-01  -8.5500279e+00   2.1592721e+01
  -5.0000000e+00   0.0000000e+00   2.0000000e+03   7.6907612e-01  -7.8404938e+00   1.8489350e+01
  -5.0000000e+00   1.0000000e+00   2.0000000e+03   3.9257763e+00  -1.0311732e+01   1.6364138e+01
  -5.0000000e+00   2.0000000e+00   2.0000000e+03   3.4914642e+00  -1.1991435e+01   1.4773896e+01
  -5.0000000e+00   3.0000000e+00   2.0000000e+03   4.3651518e+00  -9.0585232e+00   1.3711989e+01
  -5.0000000e+00   4.0000000e+00   2.0000000e+03   3.4782273e+00  -6.3940056e+00   1.2176832e+01
  -5.0000000e+00   5.0000000e+00   2.0000000e+03   6.4435616e+00  -1.0623106e+00   8.7990245e+00
  -5.0000000e+00   6.0000000e+00   2.0000000e+03   5.7462118e+00  -5.3237217e+00   6.1312453e+00
  -5.0000000e+00   7.0000000e+00   2.0000000e+03   9.3320678e+00  -8.2092370e+00   5.0165479e+00
  -5.0000000e+00   8.0000000e+00   2.0000000e+03  -1.1321155e+00  -1.5658326e+01   7.6924159e+00
  -5.0000000e+00   9.0000000e+00   2.0000000e+03  -3.5790365e+00  -8.7054398e+00   8.4106521e+00
  -5.0000000e+00   1.0000000e+01   2.0000000e+03  -1.0028740e+01  -1.9163405e+01   9.2700527e+00
  -5.0000000e+00   1.1000000e+01   2.0000000e+03  -1.1609494e+01  -1.7258561e+01   6.7936073e+00
  -5.0000000e+00   1.2000000e+01   2.0000000e+03  -2.6613021e+01  -1.2295668e+01   1.0897171e+01
  -5.0000000e+00   1.3000000e+01   2.0000000e+03  -6.2787693e+00   1.8329086e+01  -3.3443897e+00
  -5.0000000e+00   1.4000000e+01   2.0000000e+03   2.4280567e+00  -2.1841274e+00  -1.8305112e+00
  -5.0000000e+00   1.5000000e+01   2.0000000e+03  -2.7633106e+00  -8.7923507e+00  -4.0944841e+00
  -4.0000000e+00  -1.5000000e+01   2.0000000e+03   3.9156399e+00   6.3143984e+00   2.1201623e+01
  -4.0000000e+00  -1.4000000e+01   2.0000000e+03   6.1866687e+00   2.6321719e+00   1.9240303e+01
  -4.0000000e+00  -1.3000000e+01   2.0000000e+03   2.7105476e+00   4.3398734e+00   2.3422738e+01
  -4.0000000e+00  -1.2000000e+01   2.0000000e+03  -1.0503891e+01   4.9947037e+00   1.5684711e+01
  -4.0000000e+00  -1.1000000e+01   2.0000000e+03  -7.3081579e+00   1.2027867e+01   2.5616580e+01
  -4.0000000e+00  -1.0000000e+01   2.0000000e+03  -7.1264678e+00   2.7985310e+00   2.1334152e+01
  -4.0000000e+00  -9.0000000e+00   2.0000000e+03  -8.1858574e+00   4.5453753e+00   1.9175585e+01
  -4.0000000e+00  -8.0000000e+00   2.0000000e+03  -9.9015543e+00   3.2051164e+00   1.9903470e+01
  -4.0000000e+00  -7.0000000e+00   2.0000000e+03  -8.8561393e+00   2.1687498e+00   1.8629693e+01
  -4.0000000e+00  -6.0000000e+00   2.0000000e+03  -4.5226278e+00  -6.7461719e+00   2.1188650e+01
  -4.0000000e+00  -5.0000000e+00   2.0000000e+03  -8.7845218e+00  -9.5396940e+00   2.0710146e+01
  -4.0000000e+00  -4.0000000e+00   2.0000000e+03  -5.3353118e+00  -9.8460937e+00   1.9323341e+01
  -4.0000000e+00  -3.0000000e+00   2.0000000e+03  -7.4120499e-01  -2.0144019e+00   2.2713758e+01
  -4.0000000e+00  -2.0000000e+00   2.0000000e+03   6.4746794e-01  -1.1126679e+01   2.0115412e+01
  -4.0000000e+00  -1.0000000e+00   2.0000000e+03   2.0499109e-01  -9.4443903e+00   1.9403434e+01
  -4.0000000e+00   0.0000000e+00   2.0000000e+03   2.1665368e+00  -4.3086238e+00   1.7990540e+01
  -4.0000000e+00   1.0000000e+00   2.0000000e+03   2.2623875e+00  -1.1559793e+01   1.6123915e+01
  -4.0000000e+00   2.0000000e+00   2.0000000e+03   3.5498238e+00  -1.1236448e+01   1.4325010e+01
  -4.0000000e+00   3.0000000e+00   2.0000000e+03   4.8803624e+00  -8.6801967e+00   1.3900683e+01
  -4.0000000e+00   4.0000000e+00   2.0000000e+03   6.8699934e+00  -4.7888336e+00   1.2383619e+01
  -4.0000000e+00   5.0000000e+00   2.0000000e+03   7.7028016e+00   1.1692359e+00   9.3378423e+00
  -4.0000000e+00   6.0000000e+00   2.0000000e+03   6.0797392e+00  -3.8997763e+00   5.1646895e+00
  -4.0000000e+00   7.0000000e+00   2.0000000e+03  -2.8209777e+00  -1.7285327e+01   9.2723304e+00
  -4.0000000e+00   8.0000000e+00   2.0000000e+03  -4.7245013e+00  -1.8868842e+01   1.0955934e+01
  -4.0000000e+00   9.0000000e+00   2.0000000e+03  -5.1087993e+00  -7.4170843e+00   7.8302533e+00
  -4.0000000e+00   1.0000000e+01   2.0000000e+03  -5.5353930e+00  -1.0394613e+01   6.3170274e+00
  -4.0000000e+00   1.1000000e+01   2.0000000e+03  -2.5241687e+01  -1.2358753e+01   8.3419015e+00
  -4.0000000e+00   1.2000000e+01   2.0000000e+03  -2.7084474e+01  -1.1646620e+01   8.3863664e+00
  -4.0000000e+00   1.3000000e+01   2.0000000e+03  -7.2638137e+00   1.1927003e+01  -2.9079180e+00
  -4.0000000e+00   1.4000000e+01   2.0000000e+03  -1.2041512e+01  -1.2413706e+01   1.5894618e+01
  -4.0000000e+00   1.5000000e+01   2.0000000e+03  -1.1088069e+01   1.9992950e+00  -7.2742747e+00
  -3.0000000e+00  -1.5000000e+01   2.0000000e+03  -3.9802992e-01   7.9623508e+00   1.4430479e+01
  -3.0000000e+00  -1.4000000e+01   2.0000000e+03   3.1506733e+00   4.4580757e+00   2.0083745e+01
  -3.0000000e+00  -1.3000000e+01   2.0000000e+03  -4.5988194e+00   1.2995301e+00   2.0907783e+01
  -3.0000000e+00  -1.2000000e+01   2.0000000e+03  -1.6346625e+01   1.2578888e+01   1.8725277e+01
  -3.0000000e+00  -1.1000000e+01   2.0000000e+03  -3.8435123e+00  -5.5280949e-02   1.8440575e+01
  -3.0000000e+00  -1.0000000e+01   2.0000000e+03  -6.0699400e+00  -6.4020805e-01   2.0123672e+01
  -3.0000000e+00  -9.0000000e+00   2.0000000e+03  -5.5844063e+00   2.9617356e+00   2.0929620e+01
  -3.0000000e+00  -8.0000000e+00   2.0000000e+03  -7.7066086e+00   4.3419329e+00   2.0111957e+01
  -3.0000000e+00  -7.0000000e+00   2.0000000e+03  -9.4544193e+00   4.2202404e+00   1.9285011e+01
  -3.0000000e+00  -6.0000000e+00   2.0000000e+03  -7.8405276e+00  -8.2312048e+00   2.0197462e+01
  -3.0000000e+00  -5.0000000e+00   2.0000000e+03  -8.4163678e+00  -4.6551294e+00   2.2528918e+01
  -3.0000000e+00  -4.0000000e+00   2.0000000e+03  -3.0248852e+00   1.8879852e+00   1.7924120e+01
  -3.0000000e+00  -3.0000000e+00   2.0000000e+03   2.4205107e-01  -2.0463959e+00   1.8530122e+01
  -3.0000000e+00  -2.0000000e+00   2.0000000e+03  -2.1643871e-02  -9.6516339e+00   1.8998380e+01
  -3.0000000e+00  -1.0000000e+00   2.0000000e+03   3.8078804e+00  -5.5438298e+00   1.8649170e+01
  -3.0000000e+00   0.0000000e+00   2.0000000e+03   1.9311594e+00  -3.8647657e+00   2.0144813e+01
  -3.0000000e+00   1.0000000e+00   2.0000000e+03   2.9039990e+00  -1.0997326e+01   1.5846358e+01
  -3.0000000e+00   2.0000000e+00   2.0000000e+03   1.5490097e+00  -1.4103359e+01   1.5338924e+01
  -3.0000000e+00   3.0000000e+00   2.0000000e+03   2.5289297e+00  -7.9442408e+00   1.7509341e+01
  -3.0000000e+00   4.0000000e+00   2.0000000e+03   6.0699481e+00   2.3082294e+00   9.3100985e+00
  -3.0000000e+00   5.0000000e+00   2.0000000e+03   8.8928438e+00   1.9490054e+00   7.0261965e+00
  -3.0000000e+00   6.0000000e+00   2.0000000e+03  -3.2888607e+00  -1.6803138e+01   1.1606395e+01
  -3.0000000e+00   7.0000000e+00   2.0000000e+03  -2.2072421e+00  -1.6979108e+01   1.0081542e+01
  -3.0000000e+00   8.0000000e+00   2.0000000e+03  -4.9618049e+00  -2.1039247e+01   1.1018943e+01
  -3.0000000e+00   9.0000000e+00   2.0000000e+03  -2.5100045e+00  -9.5463011e+00   7.4622759e+00
  -3.0000000e+00   1.0000000e+01   2.0000000e+03  -6.9472530e+00  -9.5637117e+00   5.7453427e+00
  -3.0000000e+00   1.1000000e+01   2.0000000e+03  -1.2136720e+01   5.7291315e+00   1.0772932e+00
  -3.0000000e+00   1.2000000e+01   2.0000000e+03  -1.3080655e+01  -2.9797038e+00   4.3382054e+00
  -3.0000000e+00   1.3000000e+01   2.0000000e+03  -5.0250893e+01  -1.0930219e+01   5.2710044e+00
  -3.0000000e+00   1.4000000e+01   2.0000000e+03  -2.8365314e+01  -3.9405856e+00  -6.4979591e-02
  -3.0000000e+00   1.5000000e+01   2.0000000e+03  -1.4518154e+01   4.4438356e+00  -7.0453151e+00
  -2.0000000e+00  -1.5000000e+01   2.0000000e+03  -2.7161517e-01   5.5707837e+00   1.1639232e+01
  -2.0000000e+00  -1.4000000e+01   2.0000000e+03  -1.1629948e+01   7.7463906e+00   1.3296330e+01
  -2.0000000e+00  -1.3000000e+01   2.0000000e+03  -7.0813190e+00   3.2598416e+00   2.1467641e+01
  -2.0000000e+00  -1.2000000e+01   2.0000000e+03  -8.0711825e+00   4.1304521e+00   2.5662846e+01
  -2.0000000e+00  -1.1000000e+01   2.0000000e+03  -5.1357305e+00   1.4872318e+00   2.1179943e+01
  -2.0000000e+00  -1.0000000e+01   2.0000000e+03  -3.1448736e+00   2.2482788e-01   2.1678880e+01
  -2.0000000e+00  -9.0000000e+00   2.0000000e+03  -5.5040971e+00   7.8060880e+00   2.1059337e+01
  -2.0000000e+00  -8.0000000e+00   2.0000000e+03  -1.1218352e+01   6.4681308e+00   1.8819188e+01
  -2.0000000e+00  -7.0000000e+00   2.0000000e+03  -8.6653655e+00  -1.3254073e+00   2.0053789e+01
  -2.0000000e+00  -6.0000000e+00   2.0000000e+03  -1.2106794e+01  -1.9450712e+00   1.8653116e+01
  -2.0000000e+00  -5.0000000e+00   2.0000000e+03  -4.1892127e+00  -9.2775359e-01   1.9342467e+01
  -2.0000000e+00  -4.0000000e+00   2.0000000e+03  -5.8985473e+00   6.2895179e+00   1.8593582e+01
  -2.0000000e+00  -3.0000000e+00   2.0000000e+03  -2.4262749e+00   2.7122903e+00   1.8356631e+01
  -2.0000000e+00  -2.0000000e+00   2.0000000e+03   7.7073049e-01  -8.3863751e+00   2.2726895e+01
  -2.0000000e+00  -1.0000000e+00   2.0000000e+03   3.9977960e+00  -2.9287823e+00   1.6539454e+01
  -2.0000000e+00   0.0000000e+00   2.0000000e+03   3.0357159e+00  -9.9821442e+00   1.7518557e+01
  -2.0000000e+00   1.0000000e+00   2.0000000e+03   2.1306670e+00  -1.2747072e+01   1.8139781e+01
  -2.0000000e+00   2.0000000e+00   2.0000000e+03   5.0864639e+00  -1.2957407e+01   1.7496218e+01
  -2.0000000e+00   3.0000000e+00   2.0000000e+03   4.3172646e+00  -8.5568375e+00   1.9154675e+01
  -2.0000000e+00   4.0000000e+00   2.0000000e+03   5.1928436e+00  -3.7225806e+00   1.1006555e+01
  -2.0000000e+00   5.0000000e+00   2.0000000e+03   5.6288906e+00  -2.3841694e+00   8.8349419e+00
  -2.0000000e+00   6.0000000e+00   2.0000000e+03  -7.4494605e+00  -1.6209441e+01   9.8493689e+00
  -2.0000000e+00   7.0000000e+00   2.0000000e+03  -1.0285533e+01  -1.3960515e+01   8.0691816e+00
  -2.0000000e+00   8.0000000e+00   2.0000000e+03   1.7249471e+00  -1.5754811e+01   9.9144105e+00
  -2.0000000e+00   9.0000000e+00   2.0000000e+03  -4.3804549e+00  -1.0287927e+01   8.9908060e+00
  -2.0000000e+00   1.0000000e+01   2.0000000e+03  -3.3321511e+00  -3.8285621e+00   3.9462235e+00
  -2.0000000e+00   1.1000000e+01   2.0000000e+03   5.1640879e+00   1.9937548e+01  -4.6490692e+00
  -2.0000000e+00   1.2000000e+01   2.0000000e+03  -7.2553280e+00  -3.4640800e+00   1.0848328e+00
  -2.0000000e+00   1.3000000e+01   2.0000000e+03  -1.9063753e+01  -2.8354794e+01   1.4218373e+01
  -2.0000000e+00   1.4000000e+01   2.0000000e+03  -2.4322050e+01   1.5124001e+01  -9.1301330e+00
  -2.0000000e+00   1.5000000e+01   2.0000000e+03  -1.5786760e+01   8.5394823e+00  -8.9147683e+00
  -1.0000000e+00  -1.5000000e+01   2.0000000e+03  -6.0776137e+00   5.6674561e+00   8.9903931e+00
  -1.0000000e+00  -1.4000000e+01   2.0000000e+03  -6.7977041e+00   4.7315945e+00   1.1830137e+01
  -1.0000000e+00  -1.3000000e+01   2.0000000e+03  -6.3416556e+00   2.3362836e+00   2.1638256e+01
  -1.0000000e+00  -1.2000000e+01   2.0000000e+03  -9.7266331e+00   4.0082724e+00   2.7274894e+01
  -1.0000000e+00  -1.1000000e+01   2.0000000e+03  -1.5662195e+00   4.0160751e+00   2.2469446e+01
  -1.0000000e+00  -1.0000000e+01   2.0000000e+03  -3.5048783e+00   3.0438544e+00   2.1139146e+01
  -1.0000000e+00  -9.0000000e+00   2.0000000e+03  -5.3644853e+00   6.9020262e+00   2.2715964e+01
  -1.0000000e+00  -8.0000000e+00   2.0000000e+03  -5.0405052e+00  -1.9536127e+00   2.1128724e+01
  -1.0000000e+00  -7.0000000e+00   2.0000000e+03  -1.1131628e+01  -9.9237386e-01   1.9796301e+01
  -1.0000000e+00  -6.0000000e+00   2.0000000e+03  -7.6693792e+00   6.8831837e-01   1.7793710e+01
  -1.0000000e+00  -5.0000000e+00   2.0000000e+03  -4.2338855e+00  -5.4891729e-01   1.8233638e+01
  -1.0000000e+00  -4.0000000e+00   2.0000000e+03  -3.5077547e+00   2.4645040e+00   2.0531849e+01
  -1.0000000e+00  -3.0000000e+00   2.0000000e+03  -3.8711329e+00   7.2331539e+00   1.9024798e+01
  -1.0000000e+00  -2.0000000e+00   2.0000000e+03   1.6326902e+00  -6.7416597e+00   1.7281087e+01
  -1.0000000e+00  -1.0000000e+00   2.0000000e+03   1.8887013e+01  -3.5656327e+00   1.2034670e+01
  -1.0000000e+00   0.0000000e+00   2.0000000e+03   5.5605611e+00  -4.2850855e+00   1.5748080e+01
  -1.0000000e+00   1.0000000e+00   2.0000000e+03   1.0346725e+01  -7.9389607e+00   1.3731730e+01
  -1.0000000e+00   2.0000000e+00   2.0000000e+03   3.6636717e+00  -1.0952983e+01   1.4850903e+01
  -1.0000000e+00   3.0000000e+00   2.0000000e+03   5.2436919e+00  -9.5719006e+00   1.4304951e+01
  -1.0000000e+00   4.0000000e+00   2.0000000e+03   2.6109757e+00  -1.5749737e+00   1.1837816e+01
  -1.0000000e+00   5.0000000e+00   2.0000000e+03   4.9675456e+00   6.5502080e-01   8.4640942e+00
  -1.0000000e+00   6.0000000e+00   2.0000000e+03  -3.5990661e+00  -1.1642851e+01   7.4087500e+00
  -1.0000000e+00   7.0000000e+00   2.0000000e+03  -6.5305449e+00   1.9583948e+00   4.8438246e+00
  -1.0000000e+00   8.0000000e+00   2.0000000e+03  -5.6667540e+00  -8.8673319e+00   6.9568882e+00
  -1.0000000e+00   9.0000000e+00   2.0000000e+03  -8.5489078e+00  -7.9266095e+00   5.5224699e+00
  -1.0000000e+00   1.0000000e+01   2.0000000e+03  -1.0972071e+01   1.0746805e+01   1.7001835e+00
  -1.0000000e+00   1.1000000e+01   2.0000000e+03   2.7506696e+00   2.2972014e+01  -3.9709343e+00
  -1.0000000e+00   1.2000000e+01   2.0000000e+03  -3.0545979e+01  -1.4555130e+01   1.8579521e+00
  -1.0000000e+00   1.3000000e+01   2.0000000e+03  -3.5708227e+01  -1.6048966e+01   7.9019662e-01
  -1.0000000e+00   1.4000000e+01   2.0000000e+03  -2.8082000e+01  -7.0030085e+00  -5.4326188e+00
  -1.0000000e+00   1.5000000e+01   2.0000000e+03  -1.0002938e+01   9.7306749e+00  -8.5195652e+00
   0.0000000e+00  -1.5000000e+01   2.0000000e+03  -7.4329354e+00   8.0582389e+00   1.4571538e+01
   0.0000000e+00  -1.4000000e+01   2.0000000e+03  -4.3260334e+00   1.8588302e+00   1.6577277e+01
   0.0000000e+00  -1.3000000e+01   2.0000000e+03  -9.7873419e+00   4.9285434e+00   2.5086487e+01
   0.0000000e+00  -1.2000000e+01   2.0000000e+03  -1.3735204e+01   7.7665240e+00   2.3356942e+01
   0.0000000e+00  -1.1000000e+01   2.0000000e+03  -8.9844576e+00   1.0487477e+00   2.3145813e+01
   0.0000000e+00  -1.0000000e+01   2.0000000e+03  -1.2510355e+01   7.1567247e+00   2.3881618e+01
   0.0000000e+00  -9.0000000e+00   2.0000000e+03  -1.3308315e+01   9.4076980e+00   2.1906018e+01
   0.0000000e+00  -8.0000000e+00   2.0000000e+03  -1.2934514e+01   2.7383368e+00   2.1981873e+01
   0.0000000e+00  -7.0000000e+00   2.0000000e+03  -1.6141955e+01   2.8037649e+00   2.0808256e+01
   0.0000000e+00  -6.0000000e+00   2.0000000e+03  -2.0049002e+01   6.8394607e+00   2.3875968e+01
   0.0000000e+00  -5.0000000e+00   2.0000000e+03  -1.0188078e+01   6.4434231e+00   2.2046763e+01
   0.0000000e+00  -4.0000000e+00   2.0000000e+03  -1.0945660e+00   1.1158110e+01   1.7846477e+01
   0.0000000e+00  -3.0000000e+00   2.0000000e+03  -3.6258595e+00   1.2406278e+01   2.0730961e+01
   0.0000000e+00  -2.0000000e+00   2.0000000e+03   1.0517347e+01  -1.1127572e+00   1.4973979e+01
   0.0000000e+00  -1.0000000e+00   2.0000000e+03   2.6328472e+01  -6.1585182e+00   1.2198938e+01
   0.0000000e+00   0.0000000e+00   2.0000000e+03   2.5611870e+01  -1.4621424e+00   9.2934445e+00
   0.0000000e+00   1.0000000e+00   2.0000000e+03   1.0865160e+01  -4.2238427e+00   1.0958738e+01
   0.0000000e+00   2.0000000e+00   2.0000000e+03   5.5618022e+00  -5.1937193e+00   1.3054873e+01
   0.0000000e+00   3.0000000e+00   2.0000000e+03   7.7474241e+00  -1.6631492e+00   1.2567189e+01
   0.0000000e+00   4.0000000e+00   2.0000000e+03   8.5232692e+00   5.0791412e+00   1.5329615e+01
   0.0000000e+00   5.0000000e+00   2.0000000e+03  -6.3146849e+00  -5.9259061e+00   1.3143873e+01
   0.0000000e+00   6.0000000e+00   2.0000000e+03  -5.9928191e+00  -9.2664556e+00   9.5224614e+00
   0.0000000e+00   7.0000000e+00   2.0000000e+03  -2.8292637e+00   9.3550712e+00   3.6339768e+00
   0.0000000e+00   8.0000000e+00   2.0000000e+03  -4.1785742e+00   1.3536313e+00   3.6131423e+00
   0.0000000e+00   9.0000000e+00   2.0000000e+03  -7.4522636e+00   7.6362283e-01   3.6482360e+00
   0.0000000e+00   1.0000000e+01   2.0000000e+03   6.6868809e+00   1.6657391e+01   1.2037149e+00
   0.0000000e+00   1.1000000e+01   2.0000000e+03   5.1238429e+00   2.6925864e+01  -5.6412301e+00
   0.0000000e+00   1.2000000e+01   2.0000000e+03  -1.6590421e+01   6.3603656e+00  -8.5666373e+00
   0.0000000e+00   1.3000000e+01   2.0000000e+03  -1.9931173e+01   4.7489512e+00  -5.3838438e+00
   0.0000000e+00   1.4000000e+01   2.0000000e+03  -1.8207200e+01  -6.6845499e+00  -2.8481908e+00
   0.0000000e+00   1.5000000e+01   2.0000000e+03  -1.0964860e+01   1.8578804e+01  -1.4427806e+01
   1.0000000e+00  -1.5000000e+01   2.0000000e+03  -1.1005049e+01   9.7351810e+00   2.3424643e+01
   1.0000000e+00  -1.4000000e+01   2.0000000e+03  -1.5893819e+01   9.1227743e+00   1.8869423e+01
   1.0000000e+00  -1.3000000e+01   2.0000000e+03  -6.5941727e+00   1.8498879e+00   2.0541164e+01
   1.0000000e+00  -1.2000000e+01   2.0000000e+03  -1.0131644e+01   4.0018166e+00   2.1532168e+01
   1.0000000e+00  -1.1000000e+01   2.0000000e+03  -1.0094186e+01   5.0536465e+00   2.7540050e+01
   1.0000000e+00  -1.0000000e+01   2.0000000e+03  -1.0572811e+01   5.8429825e+00   2.5674942e+01
   1.0000000e+00  -9.0000000e+00   2.0000000e+03  -9.9068524e+00  -1.4695751e+00   2.1612750e+01
   1.0000000e+00  -8.0000000e+00   2.0000000e+03  -1.0138732e+01  -1.5518545e-01   2.3126286e+01
   1.0000000e+00  -7.0000000e+00   2.0000000e+03  -1.0889072e+01   7.2640143e+00   2.8718704e+01
   1.0000000e+00  -6.0000000e+00   2.0000000e+03  -8.8801930e+00   1.8697460e+01   2.0415655e+01
   1.0000000e+00  -5.0000000e+00   2.0000000e+03  -8.9396861e+00   2.1854292e+01   1.8663461e+01
   1.0000000e+00  -4.0000000e+00   2.0000000e+03   9.6417325e-01   1.6035166e+01   1.4621866e+01
   1.0000000e+00  -3.0000000e+00   2.0000000e+03  -5.8684415e+00   1.3305598e+01   1.9777753e+01
   1.0000000e+00  -2.0000000e+00   2.0000000e+03   2.6409024e+01   3.1517837e+00   1.2783836e+01
   1.0000000e+00  -1.0000000e+00   2.0000000e+03   2.9221830e+01  -3.0432438e+00   1.1858563e+01
   1.0000000e+00   0.0000000e+00   2.0000000e+03   2.5576456e+01  -1.1096443e+00   9.2501877e+00
   1.0000000e+00   1.0000000e+00   2.0000000e+03   1.2216986e+01   1.3121214e+00   1.5146134e+01
   1.0000000e+00   2.0000000e+00   2.0000000e+03   8.2905597e+00  -4.6129346e+00   1.2011679e+01
   1.0000000e+00   3.0000000e+00   2.0000000e+03   1.4370600e+01   4.9660123e+00   9.4511873e+00
   1.0000000e+00   4.0000000e+00   2.0000000e+03   2.1537578e+01   5.9757043e+00   9.2890349e+00
   1.0000000e+00   5.0000000e+00   2.0000000e+03   9.7662294e+00   3.8167931e+00   1.2091811e+01
   1.0000000e+00   6.0000000e+00   2.0000000e+03  -1.4527926e+01  -7.0522625e+00   1.3720629e+01
   1.0000000e+00   7.0000000e+00   2.0000000e+03  -4.8812507e+00   1.3879615e+01   2.6728219e+00
   1.0000000e+00   8.0000000e+00   2.0000000e+03  -4.4442033e+00   2.6512171e+00   3.3602218e+00
   1.0000000e+00   9.0000000e+00   2.0000000e+03  -8.8693123e+00   4.2518897e+00   1.6176895e+00
   1.0000000e+00   1.0000000e+01   2.0000000e+03   5.8175008e+00   1.8837111e+01  -6.5817993e-01
   1.0000000e+00   1.1000000e+01   2.0000000e+03  -2.1229596e+00   2.6388948e+01  -4.6141114e+00
   1.0000000e+00   1.2000000e+01   2.0000000e+03  -2.5816549e+01   1.2123012e+01  -4.2913937e+00
   1.0000000e+00   1.3000000e+01   2.0000000e+03  -2.5385238e+01   1.2009579e+01   5.9538221e-01
   1.0000000e+00   1.4000000e+01   2.0000000e+03  -2.4726323e+01   7.8500463e+00   4.0273198e+00
   1.0000000e+00   1.5000000e+01   2.0000000e+03  -1.2776590e+01   2.5255473e+01  -9.6047976e+00
   2.0000000e+00  -1.5000000e+01   2.0000000e+03  -6.2766627e+00   1.2188070e+01   1.6845328e+01
   2.0000000e+00  -1.4000000e+01   2.0000000e+03  -1.0568987e+01   9.3623209e+00   1.8630016e+01
   2.0000000e+00  -1.3000000e+01   2.0000000e+03  -9.6298698e+00  -7.1306274e-02   2.2586459e+01
   2.0000000e+00  -1.2000000e+01   2.0000000e+03  -5.7819448e+00  -1.5760660e+00   2.8129409e+01
   2.0000000e+00  -1.1000000e+01   2.0000000e+03  -8.6446867e+00   4.6060948e+00   2.3432830e+01
   2.0000000e+00  -1.0000000e+01   2.0000000e+03  -1.1337536e+00  -3.0590002e+00   1.9510838e+01
   2.0000000e+00  -9.0000000e+00   2.0000000e+03  -6.3137831e+00  -1.0969941e+00   2.2939524e+01
   2.0000000e+00  -8.0000000e+00   2.0000000e+03  -4.8616764e+00  -3.8079656e-01   2.0287372e+01
   2.0000000e+00  -7.0000000e+00   2.0000000e+03  -1.1209665e+01  -1.1386906e+00   2.5420075e+01
   2.0000000e+00  -6.0000000e+00   2.0000000e+03  -2.0547183e+01   1.2125300e+01   1.8590968e+01
   2.0000000e+00  -5.0000000e+00   2.0000000e+03  -1.5197413e+01   1.8370721e+01   1.8710842e+01
   2.0000000e+00  -4.0000000e+00   2.0000000e+03   3.5733343e+00   2.1525316e+00   1.4210508e+01
   2.0000000e+00  -3.0000000e+00   2.0000000e+03  -1.1382906e+01   1.1980781e+01   1.8708026e+01
   2.0000000e+00  -2.0000000e+00   2.0000000e+03   1.2966346e+01   4.4615332e+00   1.9117080e+01
   2.0000000e+00  -1.0000000e+00   2.0000000e+03   2.4180539e+01  -6.0646882e+00   1.1949889e+01
   2.0000000e+00   0.0000000e+00   2.0000000e+03   2.2007432e+01   1.0930437e+01   1.4219298e+01
   2.0000000e+00   1.0000000e+00   2.0000000e+03   4.1020413e+00  -9.0422274e-01   1.2607308e+01
   2.0000000e+00   2.0000000e+00   2.0000000e+03   5.6758197e+00   3.2746909e-01   9.5793173e+00
   2.0000000e+00   3.0000000e+00   2.0000000e+03   6.2523447e+00   7.5780840e+00   1.0842696e+01
   2.0000000e+00   4.0000000e+00   2.0000000e+03   9.5620836e+00   7.0738117e+00   7.2273365e+00
   2.0000000e+00   5.0000000e+00   2.0000000e+03   7.1749911e+00   7.0709608e+00   7.0173317e+00
   2.0000000e+00   6.0000000e+00   2.0000000e+03  -1.4653853e+01  -2.7903260e+00   1.3933535e+01
   2.0000000e+00   7.0000000e+00   2.0000000e+03   3.9954692e+00   4.6549828e+00   3.7765712e+00
   2.0000000e+00   8.0000000e+00   2.0000000e+03   4.1496751e+00   6.3802558e+00   2.4245463e+00
   2.0000000e+00   9.0000000e+00   2.0000000e+03  -4.5131581e+00   2.5574982e+00   2.3251902e+00
   2.0000000e+00   1.0000000e+01   2.0000000e+03   5.5682133e+00   2.0233786e+01  -8.9220178e-01
   2.0000000e+00   1.1000000e+01   2.0000000e+03  -4.3130477e+01  -1.0744925e+01   6.4667374e+00
   2.0000000e+00   1.2000000e+01   2.0000000e+03  -3.2987981e+01   1.2387048e+01  -3.1556741e+00
   2.0000000e+00   1.3000000e+01   2.0000000e+03  -2.2118296e+01   6.3164256e+00   3.6362876e+00
   2.0000000e+00   1.4000000e+01   2.0000000e+03  -2.8953524e+01   1.3794823e+01   4.5106308e+00
   2.0000000e+00   1.5000000e+01   2.0000000e+03  -4.0507331e+01   1.3975241e+01  -8.2813537e+00
   3.0000000e+00  -1.5000000e+01   2.0000000e+03   4.4363621e-01   1.3535347e+01   1.2826178e+01
   3.0000000e+00  -1.4000000e+01   2.0000000e+03   8.6391767e-01   1.4050450e+01   1.6899450e+01
   3.0000000e+00  -1.3000000e+01   2.0000000e+03  -8.0349469e+00   1.0797180e+01   1.6975471e+01
   3.0000000e+00  -1.2000000e+01   2.0000000e+03  -8.7909164e+00   4.4306369e+00   1.7878961e+01
   3.0000000e+00  -1.1000000e+01   2.0000000e+03  -1.1274877e+01   1.2820117e+01   1.7539281e+01
   3.0000000e+00  -1.0000000e+01   2.0000000e+03   6.6176232e-01  -1.1150065e+00   2.2181871e+01
   3.0000000e+00  -9.0000000e+00   2.0000000e+03  -1.8110003e+00  -8.8340119e-01   2.0140919e+01
   3.0000000e+00  -8.0000000e+00   2.0000000e+03  -2.4754511e+00   6.1179586e-01   1.9016474e+01
   3.0000000e+00  -7.0000000e+00   2.0000000e+03  -5.0836662e-02  -4.6299025e+00   2.0113135e+01
   3.0000000e+00  -6.0000000e+00   2.0000000e+03  -8.2111159e+00   1.1500226e+01   2.1279482e+01
   3.0000000e+00  -5.0000000e+00   2.0000000e+03  -8.4493643e+00   1.0959088e+01   1.8079602e+01
   3.0000000e+00  -4.0000000e+00   2.0000000e+03   1.8520256e+01   5.8363406e+00   1.2777876e+01
   3.0000000e+00  -3.0000000e+00   2.0000000e+03  -1.2275770e+01   1.7627327e+01   1.8965903e+01
   3.0000000e+00  -2.0000000e+00   2.0000000e+03   1.6981115e+01   6.9908662e+00   1.7909952e+01
   3.0000000e+00  -1.0000000e+00   2.0000000e+03   1.9477607e+01  -2.7064040e+00   1.4731219e+01
   3.0000000e+00   0.0000000e+00   2.0000000e+03   3.1550342e+01   4.6595752e+00   8.6113135e+00
   3.0000000e+00   1.0000000e+00   2.0000000e+03   7.7872860e+00   6.9949664e+00   1.6583556e+01
   3.0000000e+00   2.0000000e+00   2.0000000e+03   4.8533292e+00   1.0996675e+01   1.6090027e+01
   3.0000000e+00   3.0000000e+00   2.0000000e+03   6.4004919e+00   6.4699160e+00   7.9706153e+00
   3.0000000e+00   4.0000000e+00   2.0000000e+03   2.1335401e+00   2.7555880e+00   9.4264265e+00
   3.0000000e+00   5.0000000e+00   2.0000000e+03   2.3153888e+00   2.4425564e+00   5.5545506e+00
   3.0000000e+00   6.0000000e+00   2.0000000e+03  -2.3589340e+01  -8.4249343e+00   1.4126221e+01
   3.0000000e+00   7.0000000e+00   2.0000000e+03  -2.6067421e+01  -1.1017861e+01   1.1650772e+01
   3.0000000e+00   8.0000000e+00   2.0000000e+03  -3.5315693e+00  -1.6767548e+00   8.7414971e-01
   3.0000000e+00   9.0000000e+00   2.0000000e+03   1.7732187e+01   1.6240919e+01  -3.9316163e+00
   3.0000000e+00   1.0000000e+01   2.0000000e+03  -3.0369655e+00   1.2831393e+01  -1.3695283e+00
   3.0000000e+00   1.1000000e+01   2.0000000e+03  -4.4511415e+01  -9.3172543e+00   9.0550934e+00
   3.0000000e+00   1.2000000e+01   2.0000000e+03  -3.4712750e+01   1.0733217e+01  -2.4379117e+00
   3.0000000e+00   1.3000000e+01   2.0000000e+03  -1.7045118e+01   6.7806321e+00   5.1247823e+00
   3.0000000e+00   1.4000000e+01   2.0000000e+03  -1.7963780e+00  -3.7731356e+00   1.6959633e+01
   3.0000000e+00   1.5000000e+01   2.0000000e+03  -4.1750551e+01   1.5263222e+01  -6.5172761e+00
   4.0000000e+00  -1.5000000e+01   2.0000000e+03   2.9028954e+00   1.8883149e+01   1.0779421e+01
   4.0000000e+00  -1.4000000e+01   2.0000000e+03   2.0511851e+00   1.5772138e+01   1.1462538e+01
   4.0000000e+00  -1.3000000e+01   2.0000000e+03  -4.2137136e+00   1.0882516e+01   2.4197800e+01
   4.0000000e+00  -1.2000000e+01   2.0000000e+03  -1.1570412e+01   1.2676666e+01   1.6287130e+01
   4.0000000e+00  -1.1000000e+01   2.0000000e+03  -5.8769430e+00   5.3006138e+00   1.8922733e+01
   4.0000000e+00  -1.0000000e+01   2.0000000e+03  -9.8446970e+00   3.6080175e+00   1.9595366e+01
   4.0000000e+00  -9.0000000e+00   2.0000000e+03   6.7647477e-02   1.0056736e+00   1.7741330e+01
   4.0000000e+00  -8.0000000e+00   2.0000000e+03   8.8026128e-01   2.3541497e+00   1.6018186e+01
   4.0000000e+00  -7.0000000e+00   2.0000000e+03   4.7256745e+00  -2.7147861e+00   1.5877755e+01
   4.0000000e+00  -6.0000000e+00   2.0000000e+03  -2.6269613e+00   6.2018677e+00   2.3380120e+01
   4.0000000e+00  -5.0000000e+00   2.0000000e+03  -1.0176632e+01   1.4719995e+01   2.0115108e+01
   4.0000000e+00  -4.0000000e+00   2.0000000e+03   1.9729115e+01   7.1163139e+00   1.4958917e+01
   4.0000000e+00  -3.0000000e+00   2.0000000e+03  -9.4422520e+00   1.7121957e+01   2.0289002e+01
   4.0000000e+00  -2.0000000e+00   2.0000000e+03   1.3114875e+01   8.2521081e+00   1.3371933e+01
   4.0000000e+00  -1.0000000e+00   2.0000000e+03   1.8287326e+01  -1.1845266e+00   1.3897676e+01
   4.0000000e+00   0.0000000e+00   2.0000000e+03   2.0358875e+01   4.6280421e+00   9.9147092e+00
   4.0000000e+00   1.0000000e+00   2.0000000e+03   6.7858316e+00   8.9710279e+00   1.4270867e+01
   4.0000000e+00   2.0000000e+00   2.0000000e+03   2.0215762e+01   1.0918343e+00   1.0143334e+01
   4.0000000e+00   3.0000000e+00   2.0000000e+03   2.7139213e+00   3.1875687e+01   1.5555160e+01
   4.0000000e+00   4.0000000e+00   2.0000000e+03  -6.3715935e+00   2.0816482e+01   1.4669736e+01
   4.0000000e+00   5.0000000e+00   2.0000000e+03  -8.1579719e+00   2.3244832e+00   6.6622821e+00
   4.0000000e+00   6.0000000e+00   2.0000000e+03  -1.9380552e+01  -6.5130581e-01   9.2792410e+00
   4.0000000e+00   7.0000000e+00   2.0000000e+03  -2.6738608e+01  -1.0299175e+01   1.0698575e+01
   4.0000000e+00   8.0000000e+00   2.0000000e+03  -1.1660648e+01  -6.2663024e+00  -6.7114309e-01
   4.0000000e+00   9.0000000e+00   2.0000000e+03   6.8346086e+00   9.7135482e+00  -7.3295352e+00
   4.0000000e+00   1.0000000e+01   2.0000000e+03   5.8678164e+00   2.0266882e+01   9.4328856e-01
   4.0000000e+00   1.1000000e+01   2.0000000e+03  -1.5317448e+01   9.8027893e+00   7.0332190e-01
   4.0000000e+00   1.2000000e+01   2.0000000e+03  -1.7468973e+01   1.2557777e+00  -2.8188057e-01
   4.0000000e+00   1.3000000e+01   2.0000000e+03  -2.6856846e+01   7.6378999e+00  -7.1841357e+00
   4.0000000e+00   1.4000000e+01   2.0000000e+03  -3.9299303e+01   1.3513471e+00   1.6969103e+00
   4.0000000e+00   1.5000000e+01   2.0000000e+03  -3.5628181e+01  -6.5576493e+00  -2.7199964e+00
   5.0000000e+00  -1.5000000e+01   2.0000000e+03  -1.0036635e+01   2.4907593e+01   1.3726499e+01
   5.0000000e+00  -1.4000000e+01   2.0000000e+03  -8.6705315e+00   1.8251964e+01   1.3143294e+01
   5.0000000e+00  -1.3000000e+01   2.0000000e+03   2.2063448e+00   1.4226183e+01   1.9502231e+01
   5.0000000e+00  -1.2000000e+01   2.0000000e+03   4.5049046e-01   7.7941971e+00   2.1757152e+01
   5.0000000e+00  -1.1000000e+01   2.0000000e+03  -5.0780989e+00   5.3220473e+00   1.7789406e+01
   5.0000000e+00  -1.0000000e+01   2.0000000e+03  -8.4837754e+00   4.3392922e+00   2.1223342e+01
   5.0000000e+00  -9.0000000e+00   2.0000000e+03  -3.3807311e+00   7.0324397e+00   1.7357632e+01
   5.0000000e+00  -8.0000000e+00   2.0000000e+03  -1.9422670e-01   3.2604809e+00   1.5186241e+01
   5.0000000e+00  -7.0000000e+00   2.0000000e+03   3.0312947e+00   5.5617493e+00   1.4456784e+01
   5.0000000e+00  -6.0000000e+00   2.0000000e+03  -5.4303321e+00   8.3557401e+00   2.1328717e+01
   5.0000000e+00  -5.0000000e+00   2.0000000e+03  -6.9380647e+00   1.7495407e+01   2.1966173e+01
   5.0000000e+00  -4.0000000e+00   2.0000000e+03   1.8524129e+01   6.8605707e+00   1.2844889e+01
   5.0000000e+00  -3.0000000e+00   2.0000000e+03   2.0795357e+01   8.0502400e+00   1.3297641e+01
   5.0000000e+00  -2.0000000e+00   2.0000000e+03   1.8396036e+01   6.0314414e+00   1.2393078e+01
   5.0000000e+00  -1.0000000e+00   2.0000000e+03   1.5800633e+01  -2.5736498e+00   1.1936766e+01
   5.0000000e+00   0.0000000e+00   2.0000000e+03   2.2100175e+01   7.6102110e+00   8.6519017e+00
   5.0000000e+00   1.0000000e+00   2.0000000e+03   3.4940280e+00   7.1227859e+00   1.2688521e+01
   5.0000000e+00   2.0000000e+00   2.0000000e+03   1.6479008e+01   1.4800487e+01   1.4445057e+01
   5.0000000e+00   3.0000000e+00   2.0000000e+03  -8.3125006e+00   3.2985750e+01   1.8992569e+01
   5.0000000e+00   4.0000000e+00   2.0000000e+03  -1.1661610e+01   5.9511610e+00   1.0156202e+01
   5.0000000e+00   5.0000000e+00   2.0000000e+03  -1.6285330e+00   1.4294000e+01   9.2827424e+00
   5.0000000e+00   6.0000000e+00   2.0000000e+03  -4.9469238e+00   1.1353764e+01   3.3508473e+00
   5.0000000e+00   7.0000000e+00   2.0000000e+03  -2.9177055e+01  -9.6199744e+00   1.2656567e+01
   5.0000000e+00   8.0000000e+00   2.0000000e+03  -1.9994543e+01   2.0639530e+00   4.2493599e+00
   5.0000000e+00   9.0000000e+00   2.0000000e+03   7.6983260e+00   1.1744329e+01  -9.1010362e+00
   5.0000000e+00   1.0000000e+01   2.0000000e+03   5.2232057e+00   8.2090651e+00  -7.3735359e+00
   5.0000000e+00   1.1000000e+01   2.0000000e+03  -1.4952908e+01  -2.8461474e+00  -2.0825321e+00
   5.0000000e+00   1.2000000e+01   2.0000000e+03  -1.6431094e+01   2.2637714e+01   5.3676689e+00
   5.0000000e+00   1.3000000e+01   2.0000000e+03  -2.1046145e+01   3.7050592e+00  -7.2173419e+00
   5.0000000e+00   1.4000000e+01   2.0000000e+03  -3.5295954e+01   5.7004490e+00  -6.8120537e+00
   5.0000000e+00   1.5000000e+01   2.0000000e+03  -4.5054464e+01  -7.5583781e+00  -1.8157992e+00
   6.0000000e+00  -1.5000000e+01   2.0000000e+03  -7.5676040e+00   2.5218618e+01   1.2838356e+01
   6.0000000e+00  -1.4000000e+01   2.0000000e+03  -1.6069529e+01   2.4399595e+01   1.3619529e+01
   6.0000000e+00  -1.3000000e+01   2.0000000e+03   7.5118365e-01   1.4849137e+01   1.5803777e+01
   6.0000000e+00  -1.2000000e+01   2.0000000e+03   3.5197478e+00   1.2071118e+01   1.7484073e+01
   6.0000000e+00  -1.1000000e+01   2.0000000e+03  -3.8523393e+00   6.8422546e+00   2.1746703e+01
   6.0000000e+00  -1.0000000e+01   2.0000000e+03  -6.1467870e+00   7.0494098e+00   1.8979268e+01
   6.0000000e+00  -9.0000000e+00   2.0000000e+03  -2.9063481e+00   9.8198891e+00   1.6089016e+01
   6.0000000e+00  -8.0000000e+00   2.0000000e+03   6.5978313e+00  -3.0681651e+00   1.2124284e+01
   6.0000000e+00  -7.0000000e+00   2.0000000e+03  -2.7883503e+00   7.2987537e+00   1.9748155e+01
   6.0000000e+00  -6.0000000e+00   2.0000000e+03   4.5633778e+00   1.0511199e+01   1.6694480e+01
   6.0000000e+00  -5.0000000e+00   2.0000000e+03  -3.9209794e+00   1.1315300e+01   1.7944328e+01
   6.0000000e+00  -4.0000000e+00   2.0000000e+03   1.9273036e+01   8.9252257e+00   1.2137557e+01
   6.0000000e+00  -3.0000000e+00   2.0000000e+03   2.2111376e+01   8.5419047e+00   1.2043481e+01
   6.0000000e+00  -2.0000000e+00   2.0000000e+03   1.8614402e+01   8.3446773e+00   1.5003879e+01
   6.0000000e+00  -1.0000000e+00   2.0000000e+03   1.1808921e+01  -3.1840654e+00   1.1842586e+01
   6.0000000e+00   0.0000000e+00   2.0000000e+03   2.3560199e+00   1.2909443e+00   9.5839634e+00
   6.0000000e+00   1.0000000e+00   2.0000000e+03   1.9343868e+00   2.3536937e+01   1.8191334e+01
   6.0000000e+00   2.0000000e+00   2.0000000e+03   1.9888960e+01   1.8298778e+01   1.2393672e+01
   6.0000000e+00   3.0000000e+00   2.0000000e+03  -2.5715027e+00   2.0884554e+01   1.5252017e+01
   6.0000000e+00   4.0000000e+00   2.0000000e+03   1.1134224e+01  -3.0509058e+00   8.1741156e+00
   6.0000000e+00   5.0000000e+00   2.0000000e+03  -1.3822049e+01   5.4857126e+00   8.7186483e+00
   6.0000000e+00   6.0000000e+00   2.0000000e+03  -8.6018179e+00   2.4339976e+01   7.7791321e+00
   6.0000000e+00   7.0000000e+00   2.0000000e+03  -2.4722170e+01   1.9459894e+00   7.8609625e+00
   6.0000000e+00   8.0000000e+00   2.0000000e+03  -2.3626857e+01  -6.1617307e+00   5.6964847e+00
   6.0000000e+00   9.0000000e+00   2.0000000e+03   3.3420298e+00   7.8147207e+00  -5.2901918e+00
   6.0000000e+00   1.0000000e+01   2.0000000e+03  -1.3313109e+01   1.8110456e+00   6.3144005e-01
   6.0000000e+00   1.1000000e+01   2.0000000e+03  -1.5618703e+01   5.0648020e+00  -8.4672328e-01
   6.0000000e+00   1.2000000e+01   2.0000000e+03  -1.9296687e+01   1.8202168e+01   1.4340636e+00
   6.0000000e+00   1.3000000e+01   2.0000000e+03  -1.9166477e+01   1.9363591e+01  -8.9536524e+00
   6.0000000e+00   1.4000000e+01   2.0000000e+03  -3.9982978e+01   1.0156671e+01  -1.7805580e+01
   6.0000000e+00   1.5000000e+01   2.0000000e+03  -4.7137335e+01  -5.4175733e+00  -2.1912920e+00
   7.0000000e+00  -1.5000000e+01   2.0000000e+03  -1.2260411e+01   2.1175624e+01   1.3823878e+01
   7.0000000e+00  -1.4000000e+01   2.0000000e+03  -1.5712765e+01   2.4304434e+01   1.4423246e+01
   7.0000000e+00  -1.3000000e+01   2.0000000e+03  -4.2924231e+00   1.8126325e+01   1.9144557e+01
   7.0000000e+00  -1.2000000e+01   2.0000000e+03   2.6688402e+00   9.8076779e+00   1.6629669e+01
   7.0000000e+00  -1.1000000e+01   2.0000000e+03  -4.7124894e+00   9.4978688e+00   1.3596181e+01
   7.0000000e+00  -1.0000000e+01   2.0000000e+03  -1.0313676e+01   1.1396000e+01   1.2451749e+01
   7.0000000e+00  -9.0000000e+00   2.0000000e+03  -1.1741695e+01   8.1933840e+00   1.7191413e+01
   7.0000000e+00  -8.0000000e+00   2.0000000e+03  -1.3421093e+01   2.1449071e+01   1.5034754e+01
   7.0000000e+00  -7.0000000e+00   2.0000000e+03   3.8366257e+00   1.1354801e+01   9.5153463e+00
   7.0000000e+00  -6.0000000e+00   2.0000000e+03  -5.8500573e-01   1.3100980e+01   1.1937045e+01
   7.0000000e+00  -5.0000000e+00   2.0000000e+03  -5.4590599e+00   1.4668535e+01   1.5793142e+01
   7.0000000e+00  -4.0000000e+00   2.0000000e+03   2.6198682e+01   5.3528646e+00   1.1266004e+01
   7.0000000e+00  -3.0000000e+00   2.0000000e+03   2.2394393e+01   9.8111873e+00   1.1043496e+01
   7.0000000e+00  -2.0000000e+00   2.0000000e+03   1.8823825e+01   4.6002179e+00   1.2401838e+01
   7.0000000e+00  -1.0000000e+00   2.0000000e+03   2.0045440e+01   3.4342311e+00   1.2278300e+01
   7.0000000e+00   0.0000000e+00   2.0000000e+03   7.3029460e+00   6.0765639e+00   9.2688512e+00
   7.0000000e+00   1.0000000e+00   2.0000000e+03   6.2459939e+00   9.7712569e+00   7.8428738e+00
   7.0000000e+00   2.0000000e+00   2.0000000e+03   2.2854053e+01   7.2659433e+00   5.7721924e+00
   7.0000000e+00   3.0000000e+00   2.0000000e+03  -5.4835731e-01   1.9824748e+01   1.2519831e+01
   7.0000000e+00   4.0000000e+00   2.0000000e+03   1.0809188e+01  -2.5275152e+00   7.0732826e+00
   7.0000000e+00   5.0000000e+00   2.0000000e+03  -1.7250681e+01   1.4786777e+01   9.9436967e+00
   7.0000000e+00   6.0000000e+00   2.0000000e+03  -2.0294202e+01   2.2889579e+01   7.4204518e+00
   7.0000000e+00   7.0000000e+00   2.0000000e+03  -1.4058326e+01   2.7556208e+01   2.6087006e+00
   7.0000000e+00   8.0000000e+00   2.0000000e+03  -1.4785084e+01   3.1256932e+00   1.3821549e-01
   7.0000000e+00   9.0000000e+00   2.0000000e+03   5.2948957e-01   7.5675966e+00   7.3154489e-01
   7.0000000e+00   1.0000000e+01   2.0000000e+03  -1.7899693e+01  -6.9814102e+00  -7.4965625e+00
   7.0000000e+00   1.1000000e+01   2.0000000e+03  -1.8382476e+01   4.8053077e+00  -2.1480843e+00
   7.0000000e+00   1.2000000e+01   2.0000000e+03  -1.1258180e+01   2.1711745e+01   2.6240007e+00
   7.0000000e+00   1.3000000e+01   2.0000000e+03  -3.0676825e+01   4.8695842e+00  -9.4766792e+00
   7.0000000e+00   1.4000000e+01   2.0000000e+03  -4.9283262e+01   2.6506761e+01  -1.8456320e+01
   7.0000000e+00   1.5000000e+01   2.0000000e+03  -5.5586138e+01   2.7087449e+00  -5.2031579e+00
   8.0000000e+00  -1.5000000e+01   2.0000000e+03  -1.6895079e+01   2.2138585e+01   1.3525704e+01
   8.0000000e+00  -1.4000000e+01   2.0000000e+03  -1.2888520e+01   1.8164973e+01   1.3823861e+01
   8.0000000e+00  -1.3000000e+01   2.0000000e+03  -5.6741117e-01   1.5977015e+01   2.1152118e+01
   8.0000000e+00  -1.2000000e+01   2.0000000e+03  -7.9180547e+00   9.6351473e+00   1.2359127e+01
   8.0000000e+00  -1.1000000e+01   2.0000000e+03  -9.1320627e+00   7.6686286e+00   1.3095178e+01
   8.0000000e+00  -1.0000000e+01   2.0000000e+03  -2.3488655e+01   8.8368291e+00   1.3844247e+01
   8.0000000e+00  -9.0000000e+00   2.0000000e+03  -1.3458717e+01   2.0253238e+01   1.5855304e+01
   8.0000000e+00  -8.0000000e+00   2.0000000e+03  -2.2058971e+01   2.2227293e+01   1.5647617e+01
   8.0000000e+00  -7.0000000e+00   2.0000000e+03  -6.0756169e+00   1.6553162e+01   8.5530331e+00
   8.0000000e+00  -6.0000000e+00   2.0000000e+03  -6.9084597e+00   1.8946078e+01   1.4714123e+01
   8.0000000e+00  -5.0000000e+00   2.0000000e+03  -1.0860589e+01   2.2654032e+01   1.0503757e+01
   8.0000000e+00  -4.0000000e+00   2.0000000e+03   1.1906215e+01   9.1687439e+00   8.0745995e+00
   8.0000000e+00  -3.0000000e+00   2.0000000e+03   1.0438963e+01   2.5820946e+00   9.7738186e+00
   8.0000000e+00  -2.0000000e+00   2.0000000e+03   2.4987019e+01   4.3294839e+00   6.5368236e+00
   8.0000000e+00  -1.0000000e+00   2.0000000e+03   2.4429827e+01   5.3561994e+00   9.2294919e+00
   8.0000000e+00   0.0000000e+00   2.0000000e+03   2.6038785e+00   1.6570356e+01   9.1930473e+00
   8.0000000e+00   1.0000000e+00   2.0000000e+03   2.6213669e+01   7.8093234e+00   2.4892679e+00
   8.0000000e+00   2.0000000e+00   2.0000000e+03   2.3363579e+01   7.6340756e+00   3.5233658e+00
   8.0000000e+00   3.0000000e+00   2.0000000e+03   1.7020211e+00   1.7065286e+01   1.1786070e+01
   8.0000000e+00   4.0000000e+00   2.0000000e+03   9.1379722e+00  -1.0953194e+01   5.5405231e+00
   8.0000000e+00   5.0000000e+00   2.0000000e+03   5.5554315e-01   4.3203167e-01   6.9948511e+00
   8.0000000e+00   6.0000000e+00   2.0000000e+03  -1.6118046e+01   2.2029574e+01   7.6594511e+00
   8.0000000e+00   7.0000000e+00   2.0000000e+03  -1.6679469e+01   7.0631656e+00   2.7462146e+00
   8.0000000e+00   8.0000000e+00   2.0000000e+03  -1.1073351e+01   3.6831130e+00   4.4994633e+00
   8.0000000e+00   9.0000000e+00   2.0000000e+03  -1.6998511e+00   1.2579792e+01   7.5622425e+00
   8.0000000e+00   1.0000000e+01   2.0000000e+03  -2.4585123e+01  -6.4468258e+00  -3.0951375e+00
   8.0000000e+00   1.1000000e+01   2.0000000e+03  -2.6601057e+01  -5.3409036e+00  -5.3528281e-01
   8.0000000e+00   1.2000000e+01   2.0000000e+03  -9.4123026e+00   2.3162143e+01   2.2822315e+00
   8.0000000e+00   1.3000000e+01   2.0000000e+03  -3.2025876e+01   1.5129384e+01   2.1663726e+00
   8.0000000e+00   1.4000000e+01   2.0000000e+03  -5.0789527e+01   2.8941768e+01  -7.2262725e+00
   8.0000000e+00   1.5000000e+01   2.0000000e+03  -4.6201639e+01   9.5938781e+00   6.8546000e+00
   9.0000000e+00  -1.5000000e+01   2.0000000e+03   2.8457819e+00   2.2336356e+01   5.6269088e+00
   9.0000000e+00  -1.4000000e+01   2.0000000e+03   1.9394626e+01   2.2098098e+01   1.0133950e+01
   9.0000000e+00  -1.3000000e+01   2.0000000e+03   1.4393861e+01  -2.3427157e-01   1.3630067e+01
   9.0000000e+00  -1.2000000e+01   2.0000000e+03  -7.3060254e+00   1.4521002e+01   1.1055993e+01
   9.0000000e+00  -1.1000000e+01   2.0000000e+03  -2.8062552e+01   1.0474321e+01   1.4495295e+01
   9.0000000e+00  -1.0000000e+01   2.0000000e+03  -1.1809553e+01   2.4113140e+01   1.4292422e+01
   9.0000000e+00  -9.0000000e+00   2.0000000e+03  -1.9153284e+01   2.4654959e+01   1.3653723e+01
   9.0000000e+00  -8.0000000e+00   2.0000000e+03  -2.0796145e+01   2.3287437e+01   1.6740240e+01
   9.0000000e+00  -7.0000000e+00   2.0000000e+03  -3.0346577e+01   1.4082409e+01   2.2651960e+01
   9.0000000e+00  -6.0000000e+00   2.0000000e+03  -9.8972123e+00   1.7362368e+01   1.8400709e+01
   9.0000000e+00  -5.0000000e+00   2.0000000e+03  -9.8556717e+00   2.3693386e+01   1.0632369e+01
   9.0000000e+00  -4.0000000e+00   2.0000000e+03  -2.4639641e+01   2.2490466e+01   1.0064467e+01
   9.0000000e+00  -3.0000000e+00   2.0000000e+03   2.3598877e+00   8.4044416e+00   8.5910582e+00
   9.0000000e+00  -2.0000000e+00   2.0000000e+03   1.9243177e+01   1.2922235e+01   6.2551772e+00
   9.0000000e+00  -1.0000000e+00   2.0000000e+03  -4.3341678e-01   8.8571825e+00   1.1569517e+01
   9.0000000e+00   0.0000000e+00   2.0000000e+03  -1.0406095e+00   2.1187312e+01   1.0070383e+01
   9.0000000e+00   1.0000000e+00   2.0000000e+03   3.1308560e+00   5.9399784e+00   5.0758048e+00
   9.0000000e+00   2.0000000e+00   2.0000000e+03   2.4465167e+01   8.7092852e+00  -6.7356124e-01
   9.0000000e+00   3.0000000e+00   2.0000000e+03   2.5966700e+01   1.2812116e+01  -4.0891995e+00
   9.0000000e+00   4.0000000e+00   2.0000000e+03   1.0626087e+01  -3.2512124e+00   7.2844069e+00
   9.0000000e+00   5.0000000e+00   2.0000000e+03   6.5688176e+00   2.6250264e+00   8.6716588e+00
   9.0000000e+00   6.0000000e+00   2.0000000e+03  -1.5587000e+01  -5.4051137e+00   5.0464434e+00
   9.0000000e+00   7.0000000e+00   2.0000000e+03  -1.7247820e+01   8.8446972e+00   4.3459800e+00
   9.0000000e+00   8.0000000e+00   2.0000000e+03  -1.1186444e+01   1.6467292e+01   4.7128065e+00
   9.0000000e+00   9.0000000e+00   2.0000000e+03   4.2778361e+00   2.9799535e+01   7.6383088e+00
   9.0000000e+00   1.0000000e+01   2.0000000e+03  -1.8518543e+01   1.5801356e+01   1.9592646e+00
   9.0000000e+00   1.1000000e+01   2.0000000e+03  -1.9239177e+01  -2.9979720e+00  -8.5337968e+00
   9.0000000e+00   1.2000000e+01   2.0000000e+03   6.5704188e+00   1.1070345e+01  -1.3309464e+01
   9.0000000e+00   1.3000000e+01   2.0000000e+03  -2.1705749e+01   2.5219307e+01  -2.0351876e-01
   9.0000000e+00   1.4000000e+01   2.0000000e+03  -5.1696964e+01   2.6708378e+01  -4.2204052e+00
   9.0000000e+00   1.5000000e+01   2.0000000e+03  -3.9845653e+01   1.2146239e+01   8.9165083e+00
   1.0000000e+01  -1.5000000e+01   2.0000000e+03   7.0377301e-01   1.7330033e+01   5.8742666e+00
   1.0000000e+01  -1.4000000e+01   2.0000000e+03   1.6924040e+01   9.1851171e+00   9.1453693e+00
   1.0000000e+01  -1.3000000e+01   2.0000000e+03   2.0278268e+01   1.0681511e+00   7.2219097e+00
   1.0000000e+01  -1.2000000e+01   2.0000000e+03   1.0844535e+00  -8.8225255e+00   1.3577629e+01
   1.0000000e+01  -1.1000000e+01   2.0000000e+03  -4.0677854e+00   1.7167324e+01   1.6417938e+01
   1.0000000e+01  -1.0000000e+01   2.0000000e+03  -4.3824185e+00   1.2295860e+01   2.3291091e+01
   1.0000000e+01  -9.0000000e+00   2.0000000e+03  -1.0087110e+01   1.6921494e+01   2.4195311e+01
   1.0000000e+01  -8.0000000e+00   2.0000000e+03  -9.5356035e+00   1.7932400e+01   2.1131064e+01
   1.0000000e+01  -7.0000000e+00   2.0000000e+03  -5.4687441e+00   2.9014139e+01   1.4861518e+01
   1.0000000e+01  -6.0000000e+00   2.0000000e+03   2.1832346e+00   1.8906285e+01   1.1240576e+01
   1.0000000e+01  -5.0000000e+00   2.0000000e+03  -1.0035618e+01   2.6520591e+01   9.7052546e+00
   1.0000000e+01  -4.0000000e+00   2.0000000e+03   2.5161225e+01   3.1832099e+01   3.4017286e+00
   1.0000000e+01  -3.0000000e+00   2.0000000e+03   2.7278380e+01   2.5996692e+01   2.4416154e+00
   1.0000000e+01  -2.0000000e+00   2.0000000e+03   3.1097997e+01   1.8104205e+01   8.5663676e-01
   1.0000000e+01  -1.0000000e+00   2.0000000e+03  -6.9365040e+00   8.7856294e+00   8.7369719e+00
   1.0000000e+01   0.0000000e+00   2.0000000e+03  -1.1388469e+00   1.8542479e+01   8.1557706e+00
   1.0000000e+01   1.0000000e+00   2.0000000e+03   2.6194591e+01   8.4476525e+00  -4.0585744e+00
   1.0000000e+01   2.0000000e+00   2.0000000e+03   2.3784158e+01   1.1400164e+01  -4.2096730e-01
   1.0000000e+01   3.0000000e+00   2.0000000e+03   2.3365531e+01   1.5223810e+01  -3.2453677e+00
   1.0000000e+01   4.0000000e+00   2.0000000e+03   1.4335449e+01   1.0739357e+00  -3.7672997e+00
   1.0000000e+01   5.0000000e+00   2.0000000e+03   7.1962800e+00  -1.1826579e+01   2.9998225e+00
   1.0000000e+01   6.0000000e+00   2.0000000e+03   2.4970549e+00  -9.8491494e+00   4.1357429e+00
   1.0000000e+01   7.0000000e+00   2.0000000e+03  -2.0039211e+01  -2.7256800e+00   5.7520206e+00
   1.0000000e+01   8.0000000e+00   2.0000000e+03  -1.6056505e+01   1.8811294e+01   2.9800875e+00
   1.0000000e+01   9.0000000e+00   2.0000000e+03   4.1801656e-01   2.5380082e+01  -7.7876692e+00
   1.0000000e+01   1.0000000e+01   2.0000000e+03  -1.9172212e+01   1.1039652e+01   2.8241578e+00
   1.0000000e+01   1.1000000e+01   2.0000000e+03  -1.6810011e+01   1.5532981e+01   3.8590540e+00
   1.0000000e+01   1.2000000e+01   2.0000000e+03  -2.8205663e+01   1.1553982e+01  -1.9739807e+01
   1.0000000e+01   1.3000000e+01   2.0000000e+03  -3.4219661e+01   1.6568238e+01  -1.4715827e+01
   1.0000000e+01   1.4000000e+01   2.0000000e+03  -3.9479535e+01   3.2266142e+01  -1.5693434e+00
   1.0000000e+01   1.5000000e+01   2.0000000e+03  -2.7149063e+01  -1.0118603e+00   6.4956064e+00
